1029275439
1029308965
1029309015
1029309023
1029310421
1029310773
1029310781
1029311087
1029325410
1029325932
1029326211
1029327978
1029685530
1029685548
1029685556
1029805365
1029805381
1029818998
1029860447
1029867620
1029867638
1029867646
1029867654
1029867671
1029867689
1029867701
1029867719
1029867727
1029867735
1029931174
1030134059
1030460291
1030528855
1030528863
1030528871
1030528880
1030528898
1030528901
1030528910
1030528928
1030528936
1030531007
1030531104
1030531155
1030531767
1030645886
1030645894
1030645908
1030645991
1030646009
1030646025
1030842711
1030893057
1030893171
1030893197
1030933253
1030939294
1030942309
1030943836
1030945171
1030978338
1030988121
1031109813
1031109821
1031109830
1031109848
1031109856
1031109864
1031109872
1031109881
1031109899
1031109902
1031111397
1031114035
1031147090
1031152999
1031153561
1031204581
1031204590
1031204743
1031223438
1031241231
1031241258
1031241291
1031241355
1031241371
1031268458
1031270070
1031270088
1031270096
1031270142
1031270151
1031270169
1031270185
1031270193
1031270231
1031270282
1031274270
1031274890
1031293312
1031294149
1031294386
1031294548
1031837703
1031837711
1031993420
1032688787
1032802911
1032877211
1040566836
14761527
51107446
62764864
68879817
87661
SB1030477118
SB1030477576
SB1030480402
SB1030480445
SB1030480488
SB1030677486
SB1030677494
SB1031106601
SB1031227743
SB1031228383
SB1844303
SB3534551
SB3753430
SB3853367
SB3853368
SB3853369
SB3853370
SB3853371
SB5000313281
SB5000313302
