1003135701
1003299186
1003299208
1003777215
1003777231
1003777240
1003807041
1007888674
1008009089
1008116870
1008118341
1008514816
1008821719
1008822014
1008822251
1008822553
1008822936
1009170410
1009268100
1010616570
1010958900
1011854881
1012757588
1013942575
1015756060
1016967153
1017502171
1017502201
1017502219
1017502227
1017517801
1017517810
1018866800
1018881981
1018881990
1018891782
1018893513
1018893734
1020794271
1021904593
1022285455
1022285960
1022548634
1022553506
1022558354
1022564869
1022755915
1022757268
1022758426
1023553810
1024434415
1024473321
1025898709
1026150651
1027211751
1027307864
1028122035
1028145949
1028148565
1028762123
1028763995
1028764193
1028764215
1028945023
1028946810
1028947867
1029465866
1029465912
1029465939
1029465947
1029478526
1029478534
1029478542
1029478585
1029478593
1029478607
1029479131
1029479158
1029479174
1029793359
1029793511
1029793693
1029793766
1029793821
1029793839
1029793847
1029793855
1029793898
1029793910
1029794053
1029818831
1029819081
1029819099
1029847424
1029847432
1029859279
1029859287
1029859350
1029859368
1029859376
1029859384
1029859392
1029859422
1029859473
1029859481
1029859546
1029859562
1029859589
1029859597
1029860536
1029860544
1029860552
1029860561
1029860587
1029860609
1029860617
1029936842
1029936851
1029936869
1029936885
1029936940
1029936958
1029937016
1029937024
1029937032
1029937059
1029937067
1029937075
1029937091
1029937105
1029937113
1030508471
1030509311
1030509486
1030509494
1030511693
1030511707
1030511715
1030511723
1030511731
1030511740
1030511758
1030511766
1030511774
1030511782
1030511791
1030511804
1030511812
1030512932
1030514749
1030514757
1030519147
1030519163
1030519180
1030519848
1030519856
1030519864
1030519872
1030519881
1030519899
1030519929
1030519937
1030519961
1030519970
1030910687
1030910946
1030932711
1031081315
1031106351
1031106423
1031109007
1031109023
1031109082
1031109091
1031109104
1031109112
1031109121
1031109139
1031109147
1031109155
1031109163
1031109171
1031109180
1031109198
1031109201
1031109210
1031109244
1031109261
1031109287
1031109309
1031109376
1031109384
1031109392
1031109414
1031109422
1031109431
1031109473
1031109481
1031109490
1031109503
1031109554
1031109562
1031109571
1031109589
1031109597
1031109601
1031109619
1031109627
1031109635
1031109643
1031109651
1031109708
1031109724
1031109741
1031109759
1031109767
1031109775
1031109783
1031110196
1031110200
1031110218
1031112709
1031112717
1031112784
1031112814
1031112946
1031113209
1031113217
1031113225
1031113268
1031218680
1031218981
1031227239
1031227492
1031227506
1031249810
1031249861
1031249917
1031249925
1031249933
1031249941
1031249950
1031249968
1031249976
1031269292
1031269314
1031269578
1031269586
1031269594
1031269764
1031269772
1031269781
1031269799
1031269802
1031269811
1031269829
1031269837
1031269845
1031269853
1031269861
1031269870
1031269888
1031269896
1031270363
1031270371
1031270380
1031270398
1031270410
1031270428
1031270517
1031270606
1031270614
1031270622
1031270631
1031270649
1031270657
1031270665
1031270673
1031270681
1031306104
1031640233
1031640250
1031640306
1032688680
1032688701
1033035965
1033035973
1033035990
1033036007
1033036015
1033036040
1033036058
1033036651
1033037241
1033037267
1033037275
1033037372
1033037381
1033037402
1033037411
41805234
50662314
50989437
51978196
56216286
56570284
62222310
62225548
67267001
67385918
67747488
69126588
70774518
71995011
73606942
73723833
74108911
74109110
75718225
77037471
77037489
77037497
79110434
79186830
80317379
80317387
87746887
SB1031228561
SB1031228740
SB5000195270
SB5000195857
SB5000196098
SB5000196128
SB5000199356
SB5000199534
SB5000217303
SB5000313272
